2489,10
140219,9
111637,7
201937,6
186016,4.8
193394,7.5
2094,7.6
334,5.7
186017,4.7
13629,3.9
12699,6
151794,4.1
186012,0.5
3954,8
106005,6
59123,5
176009,7
115,6
172207,3.8
16,6.5
130775,3.8
136585,6.9
112129,5.4
2245,6.4
183314,12.8
819,7.5
185266,4.7
166447,5
172099,7.5
139988,4.1
113419,4.5
183313,9
8592,5.4
200563,4
149905,4.2
184673,8.5
146808,5.25
157687,7.8
135621,4.7
199236,4.9
1168,5
120262,4
13461,3.5
185850,8.2
5384,8.5
191084,15
103425,8.6
184507,4.2
188789,13.5
95323,7.3
124708,5
198882,5.7
197536,5
198325,6.5
198215,5
198004,4.5
113934,6.6
142709,8.2
123689,6
128266,4.9
182878,5.5
8724,6.8
57536,7.5
168950,14
182804,5
48023,5.6
66986,6
166240,9
46845,5.8
92906,4.6
191206,8.5
195547,6
178075,6
196862,6.7
179891,6
182408,6.5
168983,8.5
171152,6.3
195361,6.5
195362,5
122509,11
109725,5.1
81254,5
179279,4.8
171593,5.5
169164,4.6
71911,7.5
92907,6.5
194963,4.7
147563,7.6
163473,10
77760,5
183246,8.5
136580,6.8
186942,7.5
194964,6
84865,5.1
131102,4.2
169906,7.5
194962,4.7
101137,6
169724,12
178649,6.3
167330,7.5
125593,9.6
58693,12.5
64244,8
160135,6
179930,5.9
86897,4.5
98052,11
167513,6.9
168334,7.1
62297,4.5
176818,10
119333,8
130832,6.8
192592,4.5
160185,4.5
168311,7.7
15359,5.8
113453,6.2
2407,9
160085,6.2
136865,5
105373,4.3
191830,4.5
189886,6
194738,6
195433,6
172822,6
191455,7
136582,6.4
66000,6.5
171585,8
153213,7
54327,4.3
149241,4.7
193512,6.1
171749,5.2
28797,7.2
101138,6
183946,4.6
183944,4.5
44656,7.3
161445,4.5
185158,4.7
170521,10
100258,5
39590,7
171588,6.9
121258,5.3
143823,5.5
72627,8.5
166166,6.5
135897,4.8
77869,5.2
158465,5
134208,5
136579,5.1
98764,5.1
4557,5
10184,7
95399,7.5
39121,5.2
96768,5
136581,5.4
136584,6.6
199354,5.3
20566,5.6
10054,4.4
6410,4.9
47419,4.9
123267,5.3
141445,4.1
177215,5.2
10586,5.2
67257,10.5
95150,5.7
18587,6
136578,6.8
102933,8.5
170643,6.5
113,5.4
190921,5
34012,5
21278,7
9812,4.8
93851,5
180557,5
89468,5.7
170499,7.2
191815,7
190039,10.5
135970,5.3
14764,0.5
76558,0.5
141181,8
587,8.8
170662,9
182879,5.5
127114,7.5
158169,6
125094,5
191058,7
191201,6.7
133831,12.9
7355,7.2
177078,5.5
192067,5.5
1629,5.5
92359,0
163732,4.8
145782,9.2
158114,6.5
111790,4.5
184219,4.9
188685,7
145823,5.9
122453,4.5
107849,7
158903,5
179626,1.2
184104,0.01
190992,6
190991,5.5
190990,8
186127,10
118721,9.2
41459,5.5
108863,5.5
167429,4.2
92598,5.2
144998,5
190904,1.2
145190,6
75750,8.1
151513,4.1
64777,4.7
190042,7
142543,6.8
36773,5
36772,6
89402,0
168004,4.9
102247,5
107844,5.2
171358,7
184513,5
133824,4.3
139282,4.2
4097,4.7
182508,10
127320,9.5
183801,5.9
142548,6.8
116556,5
102043,1.2
2490,11
184043,4.5
187710,11.7
159851,4.8
136744,3.5
10062,4.5
153139,4.2
142545,6.8
142331,6.8
5955,5.5
156085,7
187707,4.7
164432,6.5
123997,6.6
185034,4.5
151351,5
113777,12
118555,13
164965,7
142549,6.8
142550,6.8
111173,8
171238,7
168721,19.3
159675,6.6
125616,5.5
170589,4.7
151797,5.5
184229,5.3
114943,6
125541,5.5
113172,5.6
168677,4.5
108411,4.5
179063,4.7
32848,5
94349,10
55794,5.15
38052,6.75
171932,8.7
29012,9.5
170583,0
43947,7
3716,10.4
140289,6
181321,5.5
181320,5.5
165335,6.5
169167,10
165658,8
149843,2.7
183487,8
194999,6.2
181319,5.5
41115,5
86243,1
38452,5.4
11325,5.5
145762,5.5
167684,7.4
183871,5.5
112814,11
168401,6.3
171598,4.2
152228,6
142544,6.8
156841,5.2
186572,4.7
186556,4.5
184820,7
116208,8.5
142542,6.8
167701,6
174984,5
46981,5.7
164658,11
182881,10.1
2409,5
82422,3.8
36977,4.8
74240,5
148299,4.8
144092,9.5
95243,8
145946,8.7
184610,6.5
165574,5.5
176059,4.7
153199,7.1
163615,4.7
112322,5.9
180416,7
184612,7
184025,7.5
138082,5
125615,6.5
101632,6.5
40467,6
177050,11.5
180485,10
66037,7.2
179927,4.7
168297,6.3
172460,4.7
168340,5.3
183558,9
6074,5
150488,7.6
192496,6.5
155258,6.5
171748,9.7
152232,10.5
143409,7.2
169602,7.5
47527,5.2
70772,5.8
177781,3.5
175590,6
168284,5
6154,6.3
130175,4.6
169113,7
143177,5.4
36948,5
152299,4
134437,5.6
73141,5
120507,6.3
66438,5
178372,6
171699,6.6
73303,5.5
143542,9
140016,8
182466,5.5
179058,8
14434,7
139938,4.9
154049,4.8
28969,7
7844,9.9
56670,4.5
54837,5
181864,0
52287,7
70576,10
146036,11.3
94561,9.5
16799,8
83765,5
174084,6.5
148243,5
147307,5
152407,5
179134,5.5
126218,4.5
174558,6
135616,4.5
148034,4
170647,4.3
120270,17.5
162521,15
158101,5.8
164400,5
18579,6.5
174085,6.5
171466,6.7
128676,5
150656,6.2
160824,11.5
119504,5.2
41458,5.5
161094,11.8
179673,5.5
176047,7.5
167804,9
113600,7
157535,10.9
72879,4.7
176816,7.5
159131,4.5
164798,9
173481,6
139703,5.5
178644,5.7
178643,4.7
140827,6
45748,5.9
172074,4.7
140722,5.6
54788,5
103737,4.8
143774,4.6
155231,4.1
164188,4.7
160180,6.5
176671,4.7
176536,4.75
166375,6.7
173352,6
176456,9.5
146259,4.6
6062,7
117531,7
103738,6.5
176222,4.7
172389,14
144877,7
136784,5.2
174704,4.7
173587,4.5
175508,8.4
167745,6
161993,7.5
175519,6.8
155226,11
134551,7
170887,4.7
161471,9.4
99410,9.4
127242,10
123262,8.7
124127,5.9
9443,4
101904,10
119172,7.1
138289,6
145895,4.7
122974,4.4
168944,8.6
171301,4.7
70316,6.8
137106,5
175311,6.5
154865,9.4
174191,6.8
143816,8
123307,17
142839,6.9
159050,10.5
95851,11
137130,6.3
82147,6.2
167256,9
171225,5.7
172548,8.5
131041,9.6
172547,7.5
154720,4.9
145151,7.4
130786,4.9
173228,11
145150,6
145149,5.5
145148,4.6
165534,4.5
135411,4.5
86280,7
75632,4.5
142929,6
58593,5
95060,4.6
4834,4.7
42528,4.5
93844,5.5
105788,7.5
164079,4.5
6010,7
90816,4.5
150137,6
110621,7.8
126785,8
148420,7.3
57953,4.7
90817,4.2
5387,6
109264,8.5
106033,4.7
9988,4.9
28487,4.3
172079,8.5
107665,5.3
36895,4.4
116128,4.6
169048,7
75071,6
90489,5
172171,6.9
170738,5.7
140037,10
138158,6.5
161167,10
26014,8.75
169775,5.9
147187,7.7
62608,8
156849,11
164,18
158773,5.2
139335,4.5
81013,4.5
160815,4.7
12313,5.5
14615,4.8
154395,5.5
47385,5.2
59330,6
170802,4.7
17329,5
68506,7.7
63840,4.5
56467,5
15642,5
133792,14
67797,9
97139,6.5
88117,6
174166,5.5
171766,5
133716,5.5
41473,6
78269,7
151932,0
168551,4.7
169075,4.7
41468,5
97897,5.5
7559,5.5
123303,19
163939,7.4
60123,5
41457,5.5
92560,5
154655,5.9
89299,7
28925,0
145667,5
28927,0
169977,4
194015,5
53517,7
131814,8.5
141456,5
100593,5.5
41470,5
44560,4
41471,5
164405,7
8092,5.2
170637,7
173026,0.7
126388,5
152244,6
152338,5
69655,6
41761,7.6
173017,9.4
45921,15
169006,5.5
102912,6
171016,7.5
46792,0
79210,0
41882,0
158123,11.6
130826,19
24423,6.3
172574,0
63526,5
139781,6
139779,5
139761,5
105954,8
17327,5
100520,5
29802,4.5
51357,5
9170,5
32846,4.7
95164,4.3
3766,4.9
17334,4.8
17326,4.7
51551,5.5
4353,4.5
105950,6
14940,7
43292,5
7209,4.9
29562,8
17140,4.5
4076,4.7
1509,4.6
1484,4.8
1486,3.5
4074,5
171442,5
17343,4.9
165740,5.3
147870,7.7
167810,5.5
165643,8
72810,5.6
166691,11
164136,7.5
37133,5
155135,4.7
148287,4.8
166137,4.7
61110,8
81812,11
84356,5.3
155532,4.2
153636,7.5
9900,7.9
121965,6.2
141177,4.5
39574,4.4
159385,6.5
143723,7.4
153382,5.9
165867,4.8
110692,5
160660,6.8
163873,6.3
164525,4.5
58468,3.9
224,4.7
126753,4
52637,4.5
57034,4.2
4733,5
151387,4.7
142203,6.8
160551,11
160552,6.5
160737,5.5
160550,4.7
156869,10
142144,4.7
125271,10.2
89709,8.4
98915,8
147899,4.6
166859,4.5
95092,4.8
82514,4.7
135617,7.9
164580,6.5
136561,5.3
37826,5
39568,5.9
166803,5
126216,10.2
84962,8.8
117695,5.2
126179,4.5
18670,4.2
13554,5.5
166003,0
148836,5.8
7530,5.1
165872,0
165870,0
165865,0
165863,4.5
165862,4.5
165861,4.5
165860,4.5
16668,5
161154,7
144598,7.9
16669,4
37372,4
118038,12
161249,6.7
151270,9
9410,4.8
123626,13.2
157840,8
166476,4.8
157562,19
50008,7
164071,6
165088,5.5
29226,12
140210,10
75748,7.8
93237,9
127218,10.4
37407,5
154871,6
51905,7
31593,0
62637,5
164768,0
102296,8.5
104259,7.3
157785,7.66
157120,6
1210,8.5
95103,7.5
99593,5.5
5123,7.5
59785,7.5
136285,8
77640,8.6
66204,8.1
154307,8.9
115037,9
141357,9.99
143567,8
112200,6.5
129793,4.7
128655,9.3
152323,4.4
122178,13.1
53921,6.7
135841,17.5
161566,7.5
155134,12.5
154617,4.7
28206,5.5
13133,5.1
12457,4.9
32744,4.8
154189,7.8
151353,10
102552,10.5
95109,8
4727,7
42946,11
154248,6.2
86118,5.6
31773,5.4
4515,5.2
56401,4.5
160075,7
161202,7.7
145822,5.9
40324,4.8
142268,7
156403,7
149463,6.7
48431,4.5
13135,4.7
94955,13
159008,5.2
137813,17.2
157619,8
126380,5.2
156868,9
145482,5
122789,0
159249,4.5
55033,4.5
13136,5.5
14863,5.5
33371,0
7328,5
8574,4.8
160012,4.6
89236,4
110932,8.3
26463,8.5
141736,7
138996,6
145824,7.2
156944,5
64608,6.7
10091,0.5
157318,6.5
40786,4.8
43987,4.3
100456,6.2
56436,4.8
157560,6.5
152481,7.5
135065,5.8
123703,9
91713,8
10958,8
123147,6.5
137751,4.7
115181,6.2
121097,4.7
8481,5.8
112906,5
135275,4.7
63235,6
28288,13
134038,7.4
78074,7.5
85696,5
43585,0.9
94014,7
130347,7.2
131088,13
41246,6
143219,6.2
144542,7
156181,6
157150,6.2
157875,6.8
107771,6
163216,6
155916,7.5
154508,8
154623,4.5
134852,12.5
42344,11
133882,11.2
133881,11.2
40065,8
138748,9
101141,8
141805,7.5
146274,5
157250,3.8
133349,5.4
100356,11.7
155842,9
122071,7.2
141967,7.5
141966,7.5
4926,5
139080,4.7
112263,5
124868,9
84320,9.5
131935,4.5
6075,5
87696,10
148735,7.2
91154,8.1
100312,9.39
7815,6.6
148035,7.5
88358,8
154353,5.6
22713,5.4
48060,5.7
142971,5.1
110751,3.5
153596,6.4
153595,6.3
154457,4.5
48335,9
154958,6.5
77244,5
154955,4.7
154954,4.7
124867,5
139472,0
128218,6
154187,6
154186,8.6
154426,8.5
58921,5.3
143896,8
64808,6.5
119923,5.5
88557,5
87082,8.5
144755,7.2
153248,6.7
147286,6.5
31103,8.4
125418,10
125934,5.6
146188,6.7
10375,7
51535,5
74400,5
153247,9
34302,7.5
38096,4.3
121936,4.6
145717,9
133251,7
5830,4.3
132574,4.5
135717,6.2
153205,8.5
153203,5.5
112047,10.4
146145,6.2
139784,4.7
143349,6
152711,4.7
100434,6.5
147717,5.7
118629,5.6
56289,6
2785,5.7
141505,5.6
144960,11.5
119325,7.5
121224,8
136038,8
137552,6.8
146189,8.5
122937,7
149686,4.7
122165,10.5
78154,7.5
22528,4.5
37136,6.6
143535,5
149696,5.8
124806,10
81035,10
95059,6.5
121057,4.5
80254,6.8
7048,9.5
122139,6.7
113681,5.7
130375,10
141258,10.4
141293,10
144183,6.6
145745,8.5
56121,8.6
118630,6.5
117338,6.5
121590,8.5
117622,5.9
143408,12
4638,6
145128,4.7
114480,7.3
6087,3.5
140913,10.5
141183,6.8
150403,4.5
141803,5.5
91991,7
142137,5.2
148288,4.8
149741,5.2
140816,4.6
BeerID,0
110013,11.5
57083,6
143880,6.4
143881,5.9
131114,5.3
141492,6.7
141294,8.5
146572,7.7
129174,4.6
108842,4.6
129150,5
129147,4.6
136631,7.1
134728,7
134356,6.9
126990,5.2
141295,3.8
111993,6.8
140902,6
178496,5.3
13892,5.8
22695,6.3
88400,5.7
65384,5.3
148291,6.1
102898,5.7
111985,9.1
137823,8
106556,5.5
102218,6
134781,5
115889,8
60215,7.6
142073,13.2
145222,7.7
122133,9
11815,8.5
113540,8.1
142973,4.5
49356,2.5
75167,6.2
100558,5.9
108545,4.7
135975,6.9
60212,8.8
130578,6
48683,5.9
108501,5
52138,8
93056,7.6
111704,8.5
114076,7.5
47362,5.8
5059,6
652,5.5
137351,11
5596,6.5
144453,8
126986,5.7
99247,11
73958,7
142058,6.66
97342,10
46495,9
129905,5
138475,4.7
117954,4.7
55893,6
46895,5.2
146134,5.8
122140,8.2
136773,6.7
105125,7.2
111907,6
110227,1.8
102467,5.5
100010,5.3
146669,5
63730,10.1
21787,7
101851,6.5
137205,7.7
121751,6.5
21788,5.5
110507,5
122164,6.2
6400,8.5
1093,4.6
100853,4.6
109439,8.5
126208,7.8
129552,6.4
132480,5.6
59572,5
90827,4.7
124058,5
129148,6
4985,4.5
137812,11.5
127255,4.7
5196,6.5
6399,6.5
55892,7
133503,5.1
89017,5.5
120334,7.2
117346,6.8
133683,6.5
147692,4.5
53392,5
102978,7.5
60677,4.5
40123,6.5
7706,9
71330,3
125809,7
1268,10.8
126356,7.2
2138,6.4
26006,5.5
2125,5.2
147324,7.3
147323,7.1
8190,5.9
147322,5.6
105513,4.7
22463,11.5
424,5.2
676,4.4
108325,6.5
127258,6.5
147541,5.2
2647,4.8
2649,3.9
67663,6.5
116121,6.2
70974,5.8
2126,5
8936,8
26545,6.5
82769,4.5
2121,6.5
143575,10.5
117445,5.1
142990,10
144977,8.9
143215,9
132458,6.2
80211,5.9
23852,6.5
140900,5.2
71489,8
28094,5
65264,6.8
143213,8
141735,7
145601,12.5
97666,12
140818,10.8
99127,6
143574,9
143573,8.2
144987,7.8
143541,6
93253,12
135101,10.5
49132,8.2
98576,7
1707,5.2
15743,4.9
48656,4.6
10606,6
132677,5.1
145681,4.6
108864,5.9
76281,5.2
144280,7
144284,4
127709,8.2
121022,6.2
118682,5
140805,5.5
140125,6.66
134430,8
145039,8
145781,9.5
23844,8.5
15538,5.3
145634,4.5
145085,6.5
143540,6
15539,5
139993,5.8
78118,10.01
107273,5.5
145757,9.1
144988,6.8
61648,7
143539,7.5
145087,10.5
145979,9
120891,6.8
105839,5
134738,7.5
51559,5.3
145035,7
145744,7.5
87457,5
34054,4.8
119015,7
142135,3
145666,7.4
22691,4.8
104996,4.5
112010,7.2
72095,7
133789,2.4
144282,0.4
55442,5.5
122579,5.8
74029,5.2
138279,7.5
7502,5
127665,10.5
6224,7.4
141929,9.5
62084,4.9
128482,8
4550,5.1
144443,6
34260,5.5
51337,5.2
140060,6
34100,5.9
144444,6
25679,4.5
142143,3.7
2528,8
133203,5
143211,7.4
95108,9
76883,7.5
13146,7.75
103006,7.5
107397,6.5
178,6.1
105762,5.8
111268,4.8
41855,7
8558,7.3
98186,6.5
14704,6.5
93433,6.5
22788,9
48429,6.1
16252,4.8
136316,5.2
33058,6.8
56758,6.8
9349,8
10814,7.2
19792,4.5
144076,0
6094,3.5
10999,5.5
19601,5.6
6069,4.75
73986,3.5
6092,3.5
13674,6.5
86681,4
6924,8
23579,6
23561,5.7
12803,7
136023,6
92628,6
6419,6
59860,0
27828,8.5
42204,9.5
44593,6.9
47720,7.5
3737,6.8
140200,8.5
9010,8
17044,7
11813,5
109054,10
91758,7.5
346,5
119255,9
84495,13
138762,6.1
58162,4.5
72261,4.1
143464,4.8
136053,6.4
139683,5.7
9284,5.4
127123,3.8
144878,5
138277,5.1
132039,3.8
27766,4
72321,4.2
12730,3.8
136649,6.8
122125,6.1
135179,5.5
124528,4.2
51560,5
139702,6.1
42046,6.5
139268,4.7
55905,3.5
38347,4.9
141838,4
132431,4.4
141501,10.1
141036,9.1
93966,4.7
58914,5
58913,4.8
85547,4.2
121448,4.3
49611,4.2
86809,4.3
129597,6.5
49668,5
13539,4.8
79147,4
8770,3.7
102183,4.5
82483,5
1232,4.2
98632,3.8
124516,5.4
140287,6.5
127715,6.5
134107,4.6
122069,9
122202,8.5
122091,9
129625,9.5
140288,8
142048,6.7
130994,4.5
119598,11
115404,4.5
141355,4.7
126774,4.7
110553,6
38095,5.6
121133,5.2
99487,6.8
32884,9.5
811,4.3
62660,6
136293,7.5
5045,4.6
142555,6
142554,6.7
142553,4.7
133264,8.3
10811,4.7
127958,4.6
140664,4.7
140135,4.6
132074,10.9
118991,6.6
110514,8
121895,9.3
11104,5.5
140742,5
131897,6.5
4314,6.5
127201,4.7
136277,5.8
77584,6
123038,3.9
50445,4.7
140061,4.7
122088,19.2
122177,13.1
82103,10.5
118988,10.7
60353,10
88420,5
103675,5
91271,6.66
47579,6.2
14870,4.9
102659,4.5
13885,5.1
73574,7.5
87508,3
16402,4.3
138332,3.65
55372,4.5
60330,9.4
131494,5.3
17305,5.1
13132,4.7
100664,6.5
32134,6.6
139264,0
5808,4.6
112699,4.7
13191,4.6
110757,5.6
109449,5
64963,5
101599,6.6
131992,4.7
39965,6.5
129113,8
138206,4.5
133063,5.5
44905,7.3
120360,7.5
110555,4.7
5218,4.8
133390,6
120213,5.3
112269,5.2
130586,3.4
101466,5.7
130585,3.4
129059,4.6
120268,4.5
63695,3.5
74342,5.1
131997,5.3
59417,2.8
130167,0.5
83332,5.8
109724,10.9
125997,5.2
135625,10
136642,6.7
131113,5.2
118146,7
101699,10.9
118859,9
105195,6.7
80253,7.6
82322,5.8
90234,9.6
134622,7.2
18709,5.7
2323,8
136946,6.1
45253,5.2
6212,6.2
130379,6.2
133848,6.5
817,5
125685,5.2
43971,13.6
125445,7.7
115208,4.7
117545,4.7
115206,4.7
52716,8
53196,6.9
132373,4.7
113382,4.7
135113,4.7
36557,4.7
71116,8.5
11498,8.5
123302,16
114631,15.5
115038,10
133053,7.5
129139,10
133375,8.2
112440,6
109537,6.9
22967,5.6
17385,11.5
131694,8
122313,9
118985,7.5
130879,15
76970,5
119556,8.7
122181,8
122182,8
122180,8
122184,8
122183,8
70634,6.5
131442,4.5
101637,4.5
30010,6.6
2224,8.2
134205,5.7
131890,12.7
2488,10.6
34978,6.5
131341,10
3173,6.5
133892,6.1
114527,5
121620,4.7
70884,5.1
132988,4.7
133217,15
52758,8.5
112170,6
111711,4.7
123951,4.7
124440,4.7
86585,5.7
122561,11
106788,9.6
12326,4.7
117128,5
120139,7
130995,4.8
130993,5.1
1690,4.8
58508,5
4933,8
117573,5.5
132242,4.6
127213,2.7
112953,5.6
129279,5.2
11967,7.2
50951,7
132905,6
132904,4.5
36563,5.5
131374,4.5
125245,5.9
3170,5.4
31145,6.8
115008,12.5
97901,6.7
107853,11.99
121935,9.4
71863,6.7
103134,10
33726,8
86370,5.2
119141,11.2
63527,5
1924,8
9833,11.1
94803,13
73394,10
11012,4.2
132719,5.2
113043,7.2
8470,6.9
59877,5.9
116858,7.2
127210,4.7
10103,6.3
10789,6.5
6411,5.2
13815,10.5
132246,4.8
132189,5.6
131655,5
130818,6
102880,5.2
21722,5.4
44034,5.7
107269,5
98607,9.2
10734,4.8
109113,8.1
69933,8
114445,5.6
109776,5.3
1929,9
114444,5
122086,9.6
3063,9
48081,11
69108,10
130590,9
93354,6.5
55380,6
7046,5.5
107865,5.6
83397,5.5
49744,4.9
39879,0
39880,4.9
52112,4.9
7679,5.8
10105,4.8
10730,5.5
113269,5.2
96250,5
131922,4.7
18563,5.5
4761,5.5
28177,5.2
99730,5.2
94013,3.5
16207,4.9
54966,4.8
15594,4.7
35015,4.8
90423,0
38563,4.7
59746,6
93496,0
90199,0
749,7.5
63385,4.2
5633,4.7
22934,4.2
95723,4.4
11942,5.2
19326,4.7
109274,4.5
131112,4.6
120172,4.7
9236,5.4
105028,4.7
117796,0.5
128798,5.5
32045,4.2
130948,4.5
128336,6
105023,6.4
16195,4.5
129306,4.4
36640,5.3
112998,5.8
36938,6
102099,5.2
102042,5.6
102097,6
130662,0.5
36807,6
130554,5.2
1380,4.7
130553,0.5
116790,0.5
107866,4.7
113000,5.5
117243,8
130493,2.1
90061,6
102040,6.5
130492,4.5
89404,5.2
116996,4.8
116995,4.7
116994,4.5
112996,5.5
102039,1
112991,5.5
36805,4.8
87200,5.2
130473,4.2
117529,5.2
130472,2.4
130100,6.3
112997,5.2
45602,5.8
126494,5.3
130018,6
36871,7.5
130017,5.5
130016,5
130013,6.5
36890,5
101685,8.5
121583,7
107194,6.5
128776,4.7
107094,5.5
120329,5.5
99535,11
118028,8.2
65881,9.4
60490,8.4
45728,5.2
115207,4.7
105587,4.5
122973,5.1
70145,10
4552,5
107487,8.5
129156,19
13158,4.9
530,6.9
117140,7.83
66019,9.5
73079,3.5
121556,6.6
122174,7.5
116174,10
125773,8.5
70791,7.7
116155,6.9
112586,7.2
57994,8
75466,8.2
2487,11
127573,5.5
64102,9.5
119592,6.2
40492,8.2
102818,8.5
102369,6.2
8909,15
67360,9.4
107980,6
64578,6.5
103135,9.3
90595,8.1
121042,4.9
102974,4.8
97872,9
118449,5.7
93039,6
114938,5.1
7446,9.6
109002,4.5
5873,4.7
114299,3.8
123715,4.5
95366,9
80821,8
90173,5
7946,5.5
730,4.8
7945,1.7
46472,5.2
23411,7.2
47372,6.5
120398,6.5
33536,5.1
122967,8
70862,6
101076,6.5
71198,5
109704,5.5
6081,8
53825,6.1
32680,6.8
9835,5
126682,0
108304,7.2
36687,5.2
12688,4.7
25041,5.5
49505,4.8
11913,4.8
10682,7
6078,5.9
51891,8
126642,5.5
60974,5.2
63678,5.6
76501,5.8
73686,4.6
73685,4.8
73684,5.7
73683,5
113187,5.4
126641,4.6
108607,5.5
8820,5
36636,0.5
9747,4.9
62127,6.4
8613,6
49368,7.8
7321,8.5
126637,0
121495,8.8
8131,5
11205,5.4
45613,7
9587,4.8
125569,8
14546,5.4
10,5.8
4484,5.8
50688,6.5
4461,6.5
130341,6.2
27004,8
4490,12
12383,8
166743,8.5
126554,0.9
26985,7.9
25917,7.2
9317,6.6
4457,4.2
1923,7.7
57618,8.5
103308,7.2
9315,5
76170,6.3
91345,5
7655,5
4904,6
4677,7.5
25914,4.5
8969,6.4
49957,8
48422,4.3
42178,8.5
18822,5.8
2513,8.2
96146,8.3
6180,9
343,4
105889,6
27612,7.5
24371,6.5
33963,6
65525,6.6
11779,7
6950,5.1
56757,9
91757,6.5
113539,8
8949,8.5
56185,4.5
48109,6
35767,6
121847,10.2
85446,5.7
5093,5.4
18556,5.4
34358,4.7
126390,5.2
15647,4.9
37831,4.7
1089,5
107214,6
124538,10
107203,18.2
11175,5
87763,6.5
99236,7.5
112249,7
15917,15
111440,11
109542,9
90689,3.1
86540,8.5
123933,9.3
119163,6.5
134352,5.6
110910,3.5
36706,4.8
86539,5.7
43035,5
85007,0
126260,6
41287,4.2
46043,5.6
27471,6.4
112202,6.5
102489,5.7
111889,5
686,6
90137,5.6
815,5.1
119594,10.2
100625,6.9
93209,4.5
40543,9.8
56066,6.5
7066,10.2
28132,13
56276,10.6
6948,7.2
117706,12.7
111910,4.6
8732,9.84
159235,6.5
34492,6.7
150701,6
79820,4.5
49893,5
28470,4
76701,9
81813,10.5
94864,6
109074,7.1
77543,4.3
120876,17
112585,9.5
114632,14
102547,7.2
105663,6.2
123060,7
27797,0.4
99614,12.1
122429,4.5
47135,6.5
100383,4.8
121127,5
121125,5
10152,5.2
124434,0
54291,5.2
93163,7.5
71097,7
52889,7.5
79862,8.5
7421,7.7
115925,5
2405,8.5
65989,5
65990,5
8332,4.3
46726,4.8
111911,6.5
86543,9
58057,9.5
122195,5.6
87226,4.8
121882,6.4
98251,7
88087,5
121869,10.4
109121,5.5
99115,4.8
98181,5.2
109442,8.2
112203,7.5
116866,5.6
118986,9.6
121474,8.8
88521,5.5
115834,4.8
111291,7.5
78427,9.1
14956,8.3
10514,12
3168,7.2
15233,7
101845,6.3
64413,10
78276,5.9
107389,6.5
59580,7
118414,41
98058,8
110014,4.7
24074,5
65879,6.8
421,5.9
81542,11
332,5.5
64,6.3
121261,7.5
63,5.5
121341,7.5
2427,7.5
65301,6.3
51604,4.9
117212,5
120274,4.5
5547,6
75845,10.7
16961,8.7
24250,4
60568,4.5
77841,4.2
104659,6.2
94866,5.7
32945,4
73706,4.8
30816,4.5
40103,4.5
102140,4
119586,3.8
122403,8
57063,6.5
63578,5.2
1233,4.5
200327,5.2
14829,5.9
16378,3.8
5501,5.5
1157,3.8
84290,4.5
18884,4.5
26005,4.1
3797,5.3
45194,3.8
31936,9
BeerID,0
96345,5.2
69777,5.8
30913,4.2
10758,4.9
84035,8
39477,4.2
79128,5
8829,6.75
119311,4.5
119425,5.2
110569,5.7
39654,7.2
95586,5.5
22328,5
4430,5
120396,4.2
397,8.7
64660,6.7
71082,6.5
76467,6
83596,4.9
94664,4.7
18692,5.5
55323,6.5
88012,4.3
26281,5
71957,6.8
113872,6
61353,5
88509,4.2
48838,8
25298,5.3
99349,4.5
102715,9.5
71055,7.5
13530,7
117803,4.5
58113,4.7
8441,8.2
83082,5.2
110577,6.4
59261,7.2
18126,5.2
131958,6.7
97788,5
110575,7.3
110815,4.6
43277,5.5
92718,5
117673,4.6
114164,5.9
98129,9.4
43236,5
23992,3.8
93599,5.5
117844,5.9
99862,4.8
98217,6
52719,4.7
102656,11
36060,5.6
106938,6
108902,10.5
72527,10.28
84422,7.5
113039,8
13145,7.25
95343,6.3
119535,7.5
104264,9
114531,9.7
59862,5.1
64975,12.5
105310,5.6
98016,4
114490,4.7
41733,4.5
117240,5
115004,4.7
73361,5
60058,8.9
97535,4.3
117677,4.7
100491,16
7176,9.5
38,5
111791,0.5
10790,5.3
117331,4.7
91475,5
64746,4.9
108416,7
79863,8.5
85439,8
30914,4.5
88750,4.7
91174,3.9
38322,3.9
51264,9.5
707,4.2
102844,7
116252,10
71721,8
27874,6
108843,5
57814,4.8
112220,7.8
79801,5.2
1087,6
56716,6
3734,9.5
59023,5.5
41658,5.4
17078,5.5
110574,7.7
112767,7.5
79917,7
4847,6
5880,3.7
336,7
115001,7.5
96627,4.5
91426,7.3
28668,7
53206,6.8
40456,6.5
78115,7.2
70646,10
102586,10
66624,12
19220,10
108168,8.5
15234,8.5
301,8.5
95345,7.5
115191,6
92250,8.5
95859,7
49493,5
114711,5.5
46883,8
59195,6
68107,10.5
88439,8
116289,1.2
80816,5.2
15840,7.5
9566,5.7
113482,5.5
112568,2.2
335,6.8
110811,1.1
114110,32
110664,8.6
39203,5.3
110587,5
27250,3.5
11864,2.8
11689,5.7
112303,4.5
18200,6.5
67161,4.7
108984,4.3
9604,5.2
85805,5
59056,4.2
10902,9
3658,8
113852,9
108907,4.7
108908,4.7
110161,9
28176,4.75
38100,5.2
25022,4.7
110163,8.5
110940,6.5
113197,4.7
113083,8.5
110946,6.3
113393,6
113728,4.5
113198,4.5
66735,4.7
11055,5.4
46456,0.5
51450,4.9
82907,6.5
66942,6.3
15648,4.9
90198,0
99215,5.2
102333,7
73568,5.1
42678,4.2
680,9
93930,5.4
59052,4.2
105867,4.2
25859,7
73158,3
16077,7.5
107979,4.6
86488,5.8
71,9.2
56403,9.5
70146,8
65311,6
23360,4.5
109917,4.6
16950,4.6
113748,5
44140,4.3
7054,5
3615,5.2
25791,4.7
8715,4.5
109920,4.8
17453,5.4
109652,10
109495,13.2
92465,5
46598,4.7
22539,5.2
11253,5.2
98130,4.7
51572,5.3
110262,10
97843,7.5
118513,5
83056,5.7
15530,4.2
13066,5.2
84667,7
78076,4.7
70951,4.7
53404,5.2
233,3.8
1246,4.3
54254,4.5
76270,4.6
94573,4.9
44771,3.9
81569,4.4
26114,4.2
68874,4
52685,5.1
55715,3.9
72638,4.4
46762,4.1
98815,4
99223,3.9
15251,4.2
110451,5.7
16315,4.5
55716,4.8
70777,4.5
31080,3.7
1244,3.8
51694,4.1
75554,3.9
4051,3.5
57983,6.9
92398,5.5
96114,6.5
7563,4.7
46677,0.5
71210,0.5
29622,10
103045,7
1248,4.2
5869,4.7
1252,4.3
49740,4
14105,5
22447,6.9
100471,5.2
104792,4.3
101465,4.8
109257,5.5
13295,9
40836,5.9
2549,5
81143,3.5
25068,2.8
11204,3.5
102513,3.5
64253,3.5
4539,4.5
145506,3.5
102944,5.7
72754,3.5
160,5.25
48110,3.5
99703,3.5
71251,3.5
17864,3.7
97501,10.4
109350,5.5
83274,10.4
107993,5.3
21765,7.5
85756,6.5
103940,4.5
103228,4.7
105129,4.7
107208,4.7
95595,5.4
58660,5
8603,5
102827,10
98242,4.9
25954,5.6
105958,6.5
99100,8.5
86024,6.5
82820,8.5
97037,4.6
85122,5
104611,6.5
98147,9
103921,8
100772,4.8
73617,4.8
102896,4.7
100432,4.7
106166,4.9
105963,9.3
94451,4.8
100455,7.2
104652,5.9
21296,4.5
107087,4.7
105262,4.7
84653,4.7
37749,4.8
5366,6.5
10532,4.2
36769,5.3
596,5.2
49117,4.9
102843,8
24362,4.9
56622,5.5
104461,9
55211,16.43
101683,7.5
72830,9
83778,11
66094,10.5
6013,5
14396,7.25
95572,7.1
96820,4.8
90232,8.2
64627,10.5
47030,7
73023,9.46
58839,9.5
76328,8
7501,5
8789,7.5
91443,0
881,6
86884,6
64372,5.5
84679,8.5
102652,4.7
64137,7.5
59725,4.5
38482,5.7
80959,0
87320,5.4
105272,6.1
65894,4.7
80407,7.4
103719,7.1
82669,6
9137,6
2705,4.6
71456,4.8
14524,3.6
11056,4.8
88624,4.8
43007,7.6
56297,6.2
57146,5.7
73428,4.7
98893,4.7
85695,6.5
4636,6
104912,4.7
396,6.5
19052,4.9
1249,4.5
28885,3.8
187,4.9
98520,8
73220,5.5
96173,6.2
103222,4.7
390,3.8
95748,9
84058,8
5874,5.1
62444,5.5
16734,5
24532,4.4
65304,5
92593,5.2
65302,6.3
65303,5
66004,4.8
87857,5.7
84600,7.5
99998,7.7
71464,5
60073,4.9
71461,6
21206,1.7
74293,5.2
93028,12
98006,8
72831,6.25
58794,5
46688,5.1
99892,7
23863,5.7
53153,4.5
7345,4.6
92236,11
85961,5.7
80605,5.8
90856,4.8
531,10
86022,8.5
87589,5
70844,4.6
7361,5.8
89392,5
34018,8.2
71146,6.2
80880,5.5
93111,6.7
86397,4.5
80964,4.3
9777,7.3
86900,5.7
71462,5.2
39287,11.5
72973,5.1
15593,0
9327,5.2
15592,4.8
103433,4.8
88315,5
13846,4.1
87064,4.6
100598,5
61133,2.9
18293,5.2
70739,5
25793,4.7
47932,6.5
95592,5.5
26877,0
75893,5.2
4542,5.2
70738,4.4
70355,4.8
54501,5.2
74105,4.6
4879,5
4546,5.3
35695,5
26113,0.5
35694,4.6
70740,6.1
25794,4.4
25792,4.5
74104,5.4
58659,5
80676,0.5
11484,6.3
41583,4.7
102298,4.7
33959,4.7
102297,4.7
30838,11.26
90371,12
14746,9.5
833,9
102680,13
14409,5.3
81790,5
10223,4.5
91577,4.8
86375,4.7
85029,4.7
19179,5
98771,11
37,5
1208,3.8
101184,4.5
1211,4
45516,4.5
6170,11
9115,12
1213,4
1315,7.2
32751,10
74239,3.9
98889,4.7
74243,4.2
97850,4.5
100768,4.5
100980,4.5
1209,4.6
87321,4.1
101129,4.7
100710,4.2
15138,5
74838,6.5
87287,8
6123,10
70498,6.3
33705,5.5
71627,4.8
33966,5.3
33568,0
79302,0.5
45214,3.8
75543,3.8
16980,5.5
4831,4.5
76645,0.5
76661,4.7
34011,6.5
46988,5.8
50379,6
58029,12.6
27650,5
66006,5
5187,4.7
9562,5
58691,0.5
49683,5.2
96397,5.9
89663,0
723,4.2
69286,5
15578,7.5
13311,4.5
101634,5.2
71568,10.5
58981,11
78675,6.3
83792,11
5926,6
18188,11.5
81837,9.5
81890,10
97034,10.9
5925,6.3
6535,5.2
101583,3.5
70912,4.5
11636,5
11950,4.5
91395,4.8
95566,4.7
91725,4.9
57113,5.6
59057,3.5
99344,4.5
100141,6
98008,6.9
92969,4.5
20728,3.8
9984,4.9
8155,4.7
98581,4.8
61800,0.05
5571,5
101533,4.6
43967,5.5
7270,5
38719,5
4967,5
5159,5
20727,5
13151,4.2
48381,2.2
98247,4.2
37371,5.4
98248,4.9
22958,4.8
47978,4.8
98457,6.9
85835,8
91230,8.7
100027,11
22052,5.1
9808,7
91232,4.7
98888,4.7
99181,5.5
97622,4.7
25920,4.9
84002,5.3
184092,8.5
26234,5
95287,3.5
21739,3.5
11189,3.5
93596,10
93595,10
5973,6.5
93585,6.4
12047,7
99179,4
88094,5.9
14431,5.5
19971,5.2
39403,7.5
98041,5.5
88539,6.2
92105,4.9
15121,9.8
19329,6
4792,5.2
86882,7.1
4551,5
42815,6.2
44172,3.7
29038,3.9
34788,4.5
98155,3.7
36979,4.1
368,4.4
93855,4.5
82580,5.2
27731,3.7
79979,5
44525,4.5
95666,4.6
86957,4.8
4440,4
4442,3.5
4441,3.5
32899,4.7
55341,4.6
5432,5
81613,3.8
30707,4.4
42700,5
65500,4.3
83477,3.8
8463,4
8462,5
8461,4
89493,4
18672,3.3
54329,3.8
98070,3.8
299,5.3
13241,5
96156,6
71646,5
85234,4.7
59947,4.2
12008,5
34651,7.5
12657,5.2
80926,5.6
19125,5.3
95156,4.5
97688,5
1247,4.7
5837,4
12487,5.1
12078,5.8
82387,6
11348,5
96893,6
93929,5.9
9899,5.3
7656,4.8
51684,3.5
22633,3.5
86346,3.5
96157,11
1245,4.1
29487,3.5
79422,3.5
59428,3.5
4693,4.5
5995,4.5
7180,4.9
51682,3.5
29145,3.5
81468,4.2
80342,4.7
91770,6
95525,7
83419,6.5
689,10.2
93601,6.2
91351,4.7
88244,7.9
5878,4.7
80063,14
84059,8
10889,8
5946,6.5
15122,9.5
94228,7
77689,4.2
13763,5.3
31102,6.5
95505,5.5
73763,5.9
70575,11
18778,4.8
12269,5.5
6571,5.5
95518,8.5
2524,6
94544,4.7
15114,7.3
9258,4.9
89187,4.5
6925,5
95929,7.6
586,9.5
105216,13
67480,10.9
86898,9.2
84761,4.7
71621,0
71982,6.5
23382,7
81490,9
12228,27
12027,8
8838,6.5
16989,5.3
12134,4.1
403,4.2
6386,5.5
11274,5.2
27482,5.3
16427,5.3
159468,4.5
27142,7.5
8335,3.9
74864,8.2
26287,7.4
28462,7
51685,5.5
38560,4.9
42070,3.5
45452,6.1
58568,5.9
1154,5.3
95245,4.7
93609,4.5
107133,4.5
86212,4.7
43883,3.5
11203,3.5
95298,9
95297,6.5
25094,7.2
49192,3.5
28853,5.3
57714,3.5
30514,3.5
12700,3.5
95179,0
8823,6.3
26638,3.5
39489,3.5
15781,7.2
1148,5.3
33222,7.3
15456,4.7
24624,5.1
1149,7.5
63800,5.5
646,6
11085,5.3
30757,5.2
21416,5.1
21898,5.5
39883,5
39884,5
93720,0.01
15002,5.6
2471,2.9
94993,5.3
52155,5.15
52154,5
35782,4.9
25902,5.8
17489,5.6
92548,5.5
92547,5.5
57407,0
92546,5.5
94950,5
9809,4.9
3799,5.3
75776,0
4758,4.8
11170,4.9
21994,5.8
18788,5
1689,4.8
49152,0
53584,4.9
94807,0
6459,4.9
94805,0.5
9798,4.8
41294,4.9
24223,4.9
4682,5.3
645,4.9
851,4.8
44513,5.4
1088,5
7937,10
5875,5.1
31057,4.3
5868,4.5
86982,4.3
13192,4
8500,4.4
4470,4
30947,4
7428,10.6
71253,4
93208,11.5
47966,4.8
597,6
52806,10.1
93140,10.5
93142,10.5
88659,10
89844,12
91176,7.8
78018,6.5
23122,5.5
63229,5.9
89188,2.8
94196,4.7
76299,2.5
82120,6
167,5.3
46,4.9
85936,5.1
65041,5.2
27101,3.5
7001,6.5
12493,5.6
34785,3.5
62773,3.5
70391,2.8
7000,5
6997,6.5
72423,6
49400,3.5
46191,3.5
5719,3.8
91563,3.4
93035,4.5
12035,5
74608,3.5
66786,3.5
75553,8.5
548,5.2
11878,5.1
64127,3.5
68878,3.5
30893,2.8
45563,7.2
29482,5.2
59504,5.5
93157,5.5
77819,6.8
93003,5
91241,5.6
93588,4.7
92294,5.4
19166,5
28188,4
93185,4
93172,2.6
37639,5
36703,8
70516,5
70515,5
687,5.1
685,5.5
10309,8.5
6004,7
93029,9
93075,9
93274,10
58403,5.8
87731,8.1
88015,8
88014,6.5
88097,5
77592,9.5
87233,6.2
83418,5.7
23121,5
65151,5.9
23814,5.9
79121,6
44032,6.1
77305,13
92788,7.2
93450,5.5
92895,6.7
93110,7
74314,7.8
32507,6.3
23109,4.5
93007,9
91252,5.4
80215,6.5
18924,9
22127,5.8
91526,8.9
11381,4
5524,5.1
93250,5.5
93058,14.9
92580,8.9
90838,9
25082,9.5
81212,10.5
81211,10.5
87727,7
88897,4.5
93118,14
17458,8
5521,3.7
58325,5.4
91204,11
56862,6.5
92282,10.3
93275,5.8
24934,3.5
28624,4.2
85578,6.6
92645,5.4
93315,5
93086,6.1
88013,5.3
10760,5.6
90839,9
87858,8.3
87856,6
82597,4.8
4977,7
81280,4.8
88519,5.8
81807,6
64850,6.2
92705,6.4
93054,6.9
5371,3
93138,8.2
50345,4.2
71447,8.5
44792,3.5
87740,10
55938,7.7
91543,5
91228,16
4975,4.4
91556,5.7
84417,5
92704,5.5
87764,5.5
1147,7.1
87800,6.4
90854,4.2
66980,6.9
93011,6.5
44283,4.5
85452,11.5
87741,6.5
88323,5.8
85057,4.6
93009,8.5
87739,4.2
5083,0.05
58584,0.5
92606,4.5
88039,4.7
50830,4.5
92622,6.5
12741,4.9
15955,0.5
3126,5
9838,4.5
66187,6
79132,5.7
81184,9.8
5500,5.3
85972,5.2
52643,7.3
4544,4.6
3259,9.6
65042,4.8
2342,4.9
23545,5.5
91674,4.7
19066,4
61017,3.8
86387,4.5
91692,4.5
91564,4
70958,5.5
90530,4.5
89795,4.7
16977,5
18207,5.5
89654,5.3
90410,4.7
90409,4.7
33139,7.5
70765,6
21943,4.9
49283,5.5
65430,5.3
27423,10
33121,5
44570,4.6
70864,10
44940,10
23799,9.3
32882,5.6
14555,5
86580,5
11063,7.5
19496,4.2
16254,5.3
727,0.49
8565,5.2
73225,9.2
23764,4
42851,6
89103,4.5
89104,4.5
89437,4.5
86945,7.2
89310,6
89539,3.3
85521,8.5
85632,9
51,7
294,6.3
73812,5.3
89891,4.5
59971,4.1
65036,6.4
85760,6.5
86578,9
64968,7.5
88564,5
82791,5.9
78432,5.6
51526,5.3
86210,5
80725,5.4
89077,6.5
75511,7.5
5959,5.3
23236,4.6
9561,4.4
23118,4.5
75962,5.9
23120,4.2
11831,4.7
11676,5.6
79920,4.5
22832,4.2
43151,0
82778,0
72427,8
23104,4.5
79919,5.9
85679,4.2
23115,5.2
5520,4.5
32118,2.5
88952,5.2
88954,9.3
88953,7
88951,5.5
34510,4.7
23119,4.7
51468,5
34478,6
11461,9.5
70959,9
87732,4.5
4046,4.8
5369,4.8
25415,3.5
77506,5
79366,5
15721,6
47364,4.2
5301,6.5
6420,5
12952,5
78779,5.7
24312,5.7
15745,5
12492,5.2
65040,5.2
88621,9
88620,4.7
72402,4.7
712,7.2
58007,5.2
1152,5.2
22412,5.2
78016,9
16801,8.8
32871,5.3
83833,17.5
79164,7.7
31622,7
18691,6.8
78764,12
538,10.8
53853,7.5
79587,8
83190,8
57360,6.9
85954,4.5
85955,4.5
85953,4.5
87020,6.5
59282,3.5
61054,4.3
878,4.5
74836,4.5
24952,4.7
3011,5.5
26455,7
88203,4.9
74840,4.7
3201,4.6
87550,4.5
85931,4.1
431,5.8
430,5.2
581,6
87403,0
21946,3.2
11174,5
656,5.5
9603,5.6
9605,5.6
87674,0
37211,0
14734,4.9
2717,5.5
10318,0.5
9073,3.3
189,4.9
9270,5.2
9515,4.5
18254,7.1
3258,5.1
80061,5.2
70898,5.2
38745,5.2
9266,0.41
993,5.5
3262,5.4
9250,5
21373,4.6
1155,5.1
13930,5.1
86155,5
9242,5.4
2143,5.3
70896,4.1
36810,4.5
25350,4.7
42310,0
1698,5.8
32576,4.8
6256,0
13030,10.5
42312,0
52387,4.5
21456,5
46450,7
49344,5.5
46449,5.2
87551,4.7
71044,5
12853,5.4
9992,4.7
58975,0
34053,4.9
50798,0.5
5939,5
33546,0.5
62299,4.9
6338,4.8
60361,4.9
47139,5.2
9560,4.8
15211,4.9
9681,5
10741,7.6
14634,4.9
4003,4.9
13620,4.8
10185,4.9
56337,0
6668,5.1
9606,4.9
59024,4.9
86457,8.1
75483,5.5
75079,6.8
86374,5.4
75226,6.2
86373,5.8
77795,6.5
85116,4.7
59300,6
38980,9.6
27576,7.5
66016,10
85192,5.2
73215,6.5
85063,5.1
17248,9.6
63226,13.1
82640,6.3
7429,9
74839,4.7
86441,4.7
11047,9.5
6965,8
83446,7.5
84423,6
80806,0
13988,4.3
84729,6
61136,5
64254,4.5
53967,9.5
73041,9
9034,9
83717,6.7
70960,9.2
63180,10.5
6934,6.5
86259,4.7
22269,6.5
81979,6.5
21170,4.5
1193,5.2
67621,5
73186,3.3
85857,6
74837,4.7
84083,4.7
9372,5.2
4564,8
24975,5
83451,5
51681,3.5
9579,5.1
529,5.6
46699,4.8
11493,5.2
14715,6
16452,5.3
16080,3.5
46900,7.1
11372,4
11379,5.2
11378,4.3
11376,4.4
11375,5
85648,4.5
24298,6
85647,4.3
31973,4.5
1411,4
12910,7.5
58329,4.3
63241,4.3
76219,4.3
41238,4.3
31974,4.5
1921,8
37167,4.2
11380,5
20752,0.3
57466,5
11377,7
11419,4.2
11420,3.7
85608,7
16243,4.5
24236,4.6
39429,4.3
13007,5
22358,5
56595,3.8
41206,4.3
69337,4.4
85606,5
836,4.3
34481,3.7
4535,5.2
35996,6.5
1013,5
60765,4.9
3061,8
4445,4.3
5997,10
54212,12.5
26564,9
59975,8
1094,9
70863,8
171,5.3
188769,3.5
72257,7.8
23401,6.4
29207,6
66568,11
83036,5.3
46132,7.2
45321,4
1763,5
18127,9
18131,8.5
69942,5
11195,5.2
589,6.6
48039,4.9
51529,6.7
52243,5
57968,6.4
82651,7
47979,5
73188,7
50674,4.6
76282,4.7
4143,6.5
82964,4.7
83941,4.8
82598,5
84342,4.8
9671,5.3
83433,9
50399,8.5
41310,7
9376,4.8
68722,4.2
10707,6.5
10743,4.6
9313,5
84598,5.4
61224,5.5
75972,5.6
50678,7
7658,5.2
24198,6
9842,5.8
18216,2.9
26523,2.2
37770,7.2
49479,0
63660,2.1
24240,5.4
1583,10
70758,11.8
64227,5.5
3887,0
37202,3.5
82797,4.7
23930,9.2
7468,7.3
18694,6.3
11254,4.5
84336,4.6
84334,4.6
84333,4.6
84332,4.6
10003,4.9
17715,5.4
13529,4.6
17717,4.8
84289,7.5
23207,5.2
16974,4.8
40518,2.5
7360,7.9
80553,7.5
8030,4.5
75127,4.5
84018,4.6
84143,4.5
83933,0
9476,5.4
16439,6.5
47,5.9
32916,7.3
13279,5.2
14864,5.5
83897,5.5
1762,5.4
16446,3.9
1590,6.3
5864,6.1
53626,4.6
6349,6.5
5847,6
47219,10.5
83551,5.3
80777,4.8
83698,4.5
83739,0.6
47095,6.2
6454,5.5
12684,4.8
31657,4.9
11355,5.3
9374,5
9892,5.4
72403,5.5
72404,6.5
18561,6.1
49629,6
74438,7.6
5998,10
72912,8
6428,6.5
14965,5
81195,4.7
75980,4.7
75979,4.7
75978,4.7
4611,6.6
82713,4.7
70427,5
71504,5.2
78524,6
72372,5
11165,5.2
34314,5.7
13324,4.5
68853,5.7
72449,4.7
1619,10
81660,4.5
21128,5.8
23815,5
40312,5.4
30975,4.5
5865,4
75130,7
81044,5
81472,4.2
26811,3.8
5867,4.1
44837,3.8
5419,2.8
42362,4
38703,3.4
41908,4.2
82125,5.4
80530,4.2
28956,3.6
45582,4.8
42194,4.5
13273,4.5
19488,4.5
95783,4.6
11399,3.5
45100,4.2
77012,5.2
45032,5.4
46955,3.9
44831,5
42162,4.4
44298,4.2
4149,4.5
52914,4.1
1098,3.7
12774,0.02
76945,4.5
58692,4.4
16939,4.9
51741,4.7
14554,5
15070,3
44832,4
13369,4.7
8343,4.4
24970,4.1
89,5
18871,5.2
88,4
5882,4.7
80516,4.6
74555,8
165453,5
21130,4.8
21289,5.7
74844,4.5
79277,4.7
79279,4.7
62683,5.8
170888,9
71100,9.8
34357,6.5
21030,7.8
60546,5.2
36564,5.4
59892,4.6
36561,4.5
36558,4.5
66249,7.5
36560,4.5
75122,5.5
77283,10
1409,11.1
46463,7
51260,13.5
48268,15.53
64229,8.4
70787,10
56424,5.5
39228,9
55798,6.2
6055,12
67,6.5
14934,4.5
55126,5.1
29842,5.8
66103,10
63450,10
79408,10
7177,6.3
26099,5.8
80556,6.5
36168,7.5
5965,4.5
4021,4.9
80751,2.4
13895,5.7
35910,4
74553,4.8
31378,3.8
47350,8
80308,4.7
5121,5.2
14232,12
8933,9.5
31962,7.5
37625,8.2
64484,8.5
51040,8.5
11168,6
58927,9
41401,7
42955,7
76319,7
66393,6.5
73191,8
17781,6.5
51202,7.2
3022,8.5
50685,6.2
57879,6
70726,5.3
58780,6
9157,7.8
75336,7
62810,6
41398,6.3
2232,5
11698,5.2
4640,5.4
11485,6.5
49805,7.6
24026,16
28285,16
14709,7.7
7859,8.2
59030,9
34633,4.7
26655,6.8
45651,5.2
9312,4.9
21693,9.4
12028,6
78038,5.9
77270,6.2
47353,6
40485,5.4
60758,5
72531,5.8
99246,5.5
28634,5.5
1033,3.4
71427,4.7
17756,4.9
7293,9
60305,7
65134,5.5
19447,5.2
71506,6.5
65009,5
746,4.5
12805,5.2
9533,15
40336,5.3
14982,3.5
77571,0
11576,6.5
95,6
1477,5
71367,6.5
9037,8
16685,3.8
12290,5
12292,4.9
27893,7.1
72843,5.8
11489,6.2
344,4
14762,5.4
4455,6.3
32233,10
78954,10
11486,7
11494,5.5
14552,6.8
12288,5.8
9032,5
3735,7
40,5
78446,7.2
39929,6.5
50953,6
51116,1.5
79657,0
79656,0.9
36552,5.3
79403,5.1
78514,4.7
11945,5
9072,5.2
6409,3
13212,5.1
6038,0.5
79481,5.8
79480,5.8
59628,5
4819,3.7
71469,5.3
8709,5.5
8229,5
10732,5
7781,4.8
4817,5.1
10759,4.8
18760,5
32226,4.9
67151,5.2
18762,5.1
69953,6.5
23909,5
23910,0
53588,5
22379,0.4
5217,5
73232,5.1
58922,7.5
73961,4.9
4459,5.5
4023,5.3
82447,5.4
73955,4.7
5385,8
31550,4.2
17995,4.7
7805,6.9
4146,4.7
94160,4
13806,5.2
7798,10.6
13738,4.3
11795,5.2
58400,0.4
50243,0.5
44880,4.5
11868,7
18703,5.2
25600,0.5
24730,5
16432,8
11408,7
15768,0.3
11769,5.9
24674,5.3
54211,0.01
55970,8.5
53015,5.4
24282,4.2
16351,4
58563,0.04
52362,4.2
1926,9
13480,5
92516,4.5
24000,0
995,7.5
5330,4.2
43439,5
18384,5
5849,5
4503,5.5
6982,4.7
5947,5
70839,5
77642,4.7
46075,4.8
57960,5.2
56246,4.6
65105,5.2
12503,5.3
77993,5
77992,5
62317,5.5
76458,5
12495,10.2
12698,5.1
70324,8.56
47270,4
74748,4.5
77767,0
74810,5.5
16101,5
49592,4.5
69279,5.5
63265,4.5
72233,5.2
22537,4.2
72017,5.5
22728,5.5
69665,5
5711,8
59140,7
16716,4.8
21472,0
77758,5.8
77757,0
77756,4.8
5958,5.2
25962,5
10401,6
50281,5.2
60422,3.8
59102,0.5
3989,0.1
6568,5.8
10265,5.2
63160,0
52269,7
4982,5.7
64699,4.8
51081,4.8
4989,5.5
63268,5.6
41767,4.6
77628,7.2
77627,5.2
42695,4.8
25796,0.5
50291,4.5
4754,5
63266,6.8
77626,0.5
76523,4.8
25325,7
25911,4
25879,7.1
25912,7
40833,6.8
77624,3.9
77623,0.99
77622,1.2
74274,4.8
41766,5.2
50753,6.3
13059,6
21784,0.5
25800,3.7
6561,9.5
15694,7
45459,5.5
54094,5.5
44733,5.5
4995,0.5
17915,5.5
59305,5.2
12087,4
4475,4.3
29180,4
60574,4
59202,4.8
57057,3.9
76735,0
58801,0.3
12799,9
75015,5
15383,5.2
839,5
844,5
842,5
52868,5
846,5
838,5
240,5
72466,8.5
88000,5
72138,6
68769,5
48440,5
9783,7.5
67403,6.6
11456,5
15117,5
10268,6
8121,5
15120,5
34032,5
50636,5
11455,5
72803,5.5
7686,4
3142,8
45249,9.3
47474,10
58234,9
66211,8.5
40679,5.36
73192,5.2
7681,8
241,5.5
841,4.5
1518,5
252,5
8191,5.2
2135,5.2
24350,6.5
50935,6
8113,5.5
15125,6
15123,5
2134,5.5
56903,5
15415,4.7
15412,5.2
3374,5
237,5
10878,10.5
7045,9
13753,5
22561,5
60626,8
38555,2.8
75627,5
31960,9
9541,10
11809,11
52987,8.5
6773,7.5
6097,11
22395,8
58540,9
6076,5
23741,8
6401,7.5
70492,9
70828,8
11630,5
11111,6.5
38750,7
44631,6
4684,6
56227,5.2
15537,4.8
27992,5.2
6873,8
12517,9
12464,4.2
44496,6.8
13264,4.8
16872,8.5
46471,5.5
20567,6.5
44377,5.4
51251,12.5
71077,16
65164,4.5
26977,6.6
6970,5.8
13673,5
47311,7
54331,4.2
57593,5.3
2559,5.2
41632,5.3
2210,5.6
422,6.9
99227,4
60744,5
5956,7
11162,4.7
71831,7.1
5954,5.6
69519,5
5953,4
66747,6.5
46361,5
5941,4.8
21100,3.5
11626,5.3
71460,2.1
15438,0.01
5952,4.5
5945,5
8129,8
42020,5.5
3922,5
37031,5.5
58247,7.2
15531,5.3
4518,5.2
11867,8.5
41589,7
45606,5.7
45959,5.5
3059,5.2
65163,4.5
34047,4.8
6213,5.5
4020,5.6
369,5
11624,5.8
89833,6.3
13462,4.8
4125,5.5
6695,4.2
8492,5
57425,6.5
25492,4.7
2428,5.4
9997,4.8
74726,5.4
39713,7.5
13927,5.5
48699,5.2
58923,4.8
74283,5
74347,4.8
65996,9
73095,11
49623,7.2
6421,7.7
65133,6
683,5.5
50211,7
50209,5.5
59720,4.5
59512,7
35717,1.9
69127,5.5
13896,4.6
62861,5.3
8233,0.09
46757,4.9
71448,6.5
41031,5.5
34777,0
38411,5.6
47308,6.5
73120,3.5
47485,5.3
72913,10
68484,7
46957,4.5
74506,5.4
72434,7.3
57097,5
56083,4.6
56082,5.5
66412,7.2
55042,0.09
71177,5.6
55340,5.5
54991,2.7
52169,5
7789,8.2
6972,4.4
8231,4.6
6464,5.8
43929,7.2
46897,6
13293,5.5
17534,6.5
23823,5.6
31856,6.5
53014,4.9
71857,7
71851,0.5
5881,4.5
71102,8.5
36766,5
5544,4.3
13740,5.8
5848,4.3
17966,4.5
60940,4.8
32998,4.2
72758,4.7
63227,4.7
24071,4.7
34186,4.3
33242,4.5
70415,6.5
7038,8
16360,8.1
10463,6
70741,7
73787,7
73786,0
10462,5
9815,5
8572,5.4
474,4.1
48499,6.5
72737,4.7
72736,4.7
72735,4.7
72165,0
12063,4.5
16765,3.4
3957,5.2
64693,8
51716,9
6014,5
4631,7
6034,5
26117,4
36257,4.6
4695,3
3956,9
1014,5
2527,10
10218,5.2
15027,4.5
37522,4.7
32691,4.7
15026,4.75
71087,6.5
2978,6.5
72119,4.5
69231,6
72374,0.9
72349,4.5
72350,4.5
72334,0
46793,0
72333,7
72307,5
72306,5
33889,5
72305,5
72304,4.5
72303,5
72301,5
72300,4
72299,1
26171,5
72293,6
45923,10
46055,7
62771,5
65369,0
45957,5
45920,0
16428,5
62785,5
58393,8
54943,0
46880,8
17324,5
31357,0.1
58042,6
68638,5.5
41923,5.5
22723,4.5
41921,4.5
33484,5.5
14516,5.5
16047,5.5
72291,3.5
17321,5.5
72286,6
71983,5.5
72285,5.8
72284,5.1
72283,5.1
67768,5.5
870,5.6
16899,5
32255,0
24091,2.2
37649,5
133,5
66251,5.5
747,4.5
9760,6
6792,5
71939,4.5
3029,5.1
10097,0
15746,4.5
69272,5.5
29266,5
71938,4
221,5
34113,8
6178,0.5
70837,6
70192,6
50205,6
54670,5
71705,5.5
45918,5.9
39613,14.3
39614,12
22736,6
44522,6
45917,5.5
71682,5
71681,5
43131,4.5
14370,5
14349,5
14347,5
16593,5
14348,5
13359,5
2716,5.1
70181,6
63911,4.5
48795,5.9
71227,6
1384,5.8
44253,4.9
742,4.6
70663,4.7
9264,5.2
60939,4.2
4728,8.8
145,7.2
70475,4.7
54696,4.8
70843,6.2
5403,6.5
5112,6.5
45591,5.2
1589,5.8
19049,4.5
23940,4.5
1166,4.5
1164,4.5
1083,5
16268,4.8
29640,4.6
28829,4.5
47363,9
7364,5.8
23846,5.7
10907,6
6980,5.7
6016,2.4
10316,5
9193,10
23208,4.5
24775,6
116058,4.7
2205,7
69263,4.5
69260,4.5
69262,4.5
7586,4.9
2512,8.5
56545,9
24117,0
7049,4.5
29230,7
11926,7.5
11439,6.2
19675,9
10325,7.3
405,4.7
15879,8
3911,5.2
8042,5.2
15994,8
5375,6.3
18379,6.5
15803,0.5
2531,8
60547,8.5
5377,7.5
9688,8.8
46427,4
65237,5.5
12542,4.7
66909,7.9
36553,5.2
66910,5.6
5923,18
6867,5
22503,5
19201,6
11363,7.5
41297,10.27
18984,8
61380,7.5
56186,10
5225,9
58855,7.5
18941,5.8
25916,6.8
58925,5.2
25567,6.2
63644,9
52126,5
66968,4.65
67212,4.7
69340,4.6
69342,0
4473,6
40750,8
11075,6
4425,5.5
13741,5
68975,4.7
5789,4.5
30799,4.7
69339,4.5
69338,4.5
69344,4.5
69341,4.5
288,4.7
55039,10.5
2468,5.3
44796,8
5971,5.8
60038,6.5
16206,4.9
26203,3.9
66246,8.3
13365,5.3
58984,1.2
13452,4.4
9807,4.8
168,5.6
12617,4.7
3370,4.8
1090,6.7
5077,6.9
44757,4.1
65376,10
1241,4.5
9344,8
37835,10
57666,5.9
59908,4.5
6058,8
6057,6.5
77989,4.5
32119,7
40127,5.8
25491,4.7
11030,8
24383,6
10733,5
138,4
17313,4.5
24693,4.7
12172,7
11336,10
10312,7
994,7.5
68039,5
10050,8
5205,11
11852,5.5
14929,4.5
18174,5.6
18375,10.5
37521,4.7
3949,4.7
729,4.9
81054,8.1
1434,8.5
28242,4.7
18291,4.5
48498,7.5
10317,6.8
57455,4.7
40466,6.5
5124,6.5
66215,4.8
58756,4.5
1039,8.5
2469,5.3
132,4.7
4524,9
5407,4.9
671,6.5
12138,4.5
28182,4.7
9351,8
1381,5.2
295,5
300,8.5
292,3.5
38709,4.1
28617,5
53070,5.2
143,1
688,7.4
286,5.6
44577,8.5
4362,8.1
67233,6.6
18825,6.6
16398,7.8
4507,4.8
5760,4.8
4307,5.2
142,3.2
44523,4.3
4675,3.7
2387,5
2388,4
10929,5.2
44387,3.7
4330,4.8
57808,5.4
5724,3.7
45494,5.7
47291,3.4
10850,4
49716,4.5
52649,7.5
93112,5
63712,4.5
10077,4.9
52956,8.1
10464,9
52331,4.3
4549,6.7
66238,4.5
38265,8.4
42723,18
64511,10
59217,10
50808,4.5
18761,6.9
63323,8
50139,8
36704,7.2
51332,7.9
85,7
65625,4.7
66240,4.7
5402,6.5
35492,5.2
28181,6.5
9423,6.5
16847,4.5
4687,6.5
4947,6.8
59141,7
18912,11.5
18820,4.5
36556,6
66353,4.7
28671,4.5
18296,4.7
28717,4.5
66233,4.5
62848,5
6245,14
6218,5.8
11160,6.5
133376,3.8
64908,6
11146,6.5
7951,6.5
12686,6.5
66270,6.6
66247,5.6
37876,7
44450,7.8
41887,4.9
5060,3.4
6110,7
25738,2
8048,8
7231,7.2
11627,4.8
53261,0
65750,3.6
14018,4.5
704,0.3
66088,0
66087,0
5134,5.1
7934,5
5574,2.5
12367,8
70,6.7
10508,4.5
4822,7.6
17927,3.5
17479,6.5
39367,5.2
10596,4.7
4514,4.5
2719,5.8
4707,4.6
2718,5.8
6122,8
4306,4.1
23113,5.5
5401,7.5
4786,8
661,8
27150,6.5
11692,4.8
4936,4.8
214,4.8
4575,4.5
8975,4.8
13214,5.3
23987,0
15599,5.2
23041,4.6
25669,5.3
25667,5.2
25668,5
9797,4.9
20736,4.9
18562,4.9
10939,6.5
37413,5.4
4026,4.9
21173,4.9
3958,10.5
10278,8.5
400,8.7
15213,5
6059,9
9608,6.5
39548,7
6470,5
60363,8.2
6102,4.5
5383,7.3
27241,6.5
3933,5
5308,6.5
5560,5.5
60526,4
8148,5
41288,5
44,7
51317,5.5
18134,7.5
65081,6
4567,6
6945,6.2
1614,8
24818,5
43927,4.2
12,4.5
23613,4.2
5989,4.7
27909,4.5
16960,4.5
51341,0
52081,2.3
22048,4.9
26903,5.5
51726,4.7
679,7.6
59315,6.3
82834,4.9
22051,4.9
50187,2.3
64637,0.5
64636,0
37825,4.5
64635,0
13852,5
64631,4.6
64630,4
22398,4.5
64628,4
39226,4
64625,0.5
56313,6.2
37822,0
37821,0
37750,0.5
37827,4.8
37823,4.5
37824,4.5
37842,0
37843,0
50362,7
26395,4.4
37311,7.2
10540,8
22635,4.3
38900,4
25801,7
25810,5.7
37060,0.5
11093,7.2
25323,5.2
22802,4.7
25878,0.5
22456,4.5
60365,4.5
63199,5.3
50246,4.8
60364,4.8
26010,4.4
36613,7.4
26109,4.4
25413,5
25797,5.6
51161,1.2
4531,4.7
54755,4.3
36614,4.4
25809,4.5
27064,5
25857,7.1
25880,5.1
44746,5
25805,8
26484,6.3
25414,7.3
63474,0
6113,4.8
1478,5.2
64546,0.5
7547,5
12628,0.01
36608,4.8
4528,5.3
25811,3.7
4530,5.2
54321,4.8
4501,0
63200,7.2
8946,5.5
64545,5.5
64544,5
64543,4.5
64542,7.5
64541,5.5
64540,5.2
64539,5.2
9897,4.6
25806,4.8
8970,8.4
25790,4.7
25789,4.7
64129,4.7
9753,6.1
29794,5
6976,5
3101,5
8710,4.6
44099,3.7
25952,4.3
4040,4.8
36282,5.2
37058,5
119426,4.8
22332,5.3
37818,0
37817,0
11684,4.7
19199,5.3
51150,0
3019,12
26900,5.2
1432,6.5
63361,4.6
36550,4.5
36551,4.5
36549,4.5
1502,7
3733,6.8
715,5
27395,6.5
5404,4.9
1099,4
648,5.3
11120,6.5
35424,5
51470,7.5
58370,6.3
24462,6.2
570,10
12834,18.5
1189,8
1650,6
5934,8
55867,7
59834,6.5
26984,4.1
6958,5.5
55291,4.7
45653,5.6
57902,4.8
38727,4.7
38728,4.7
1653,8.7
347,5.1
43557,6.2
7787,4.6
6114,4.9
1156,5.4
60575,4.7
32105,12.25
27575,8
26904,6.5
43945,4.9
28667,5.5
26959,5.2
26899,5.3
59516,6.1
47401,6.2
46954,5.2
49636,5.2
46956,5.5
59028,4.7
58745,6
60523,4.7
43088,10
33254,5.5
23461,9
59275,0
1194,6
12546,4.7
24951,4.7
49170,4.7
21386,6.5
3939,10
23451,6.5
2326,8
1652,5.6
4521,3.4
59083,4.7
59317,4.7
26493,4.7
61225,4.7
59657,4.7
24691,4.7
51359,4.7
50624,4.7
25987,4.7
675,5.5
1041,4.1
1040,4.4
34761,4.7
13390,4.5
12416,4.5
7271,9
57861,4.7
22879,4.5
36273,4.7
27776,4.5
59090,4.7
59088,4.7
49092,9
58333,7.5
59316,5.3
50452,4.7
52,8
7362,5.8
4025,6.9
32567,4.7
230,4.5
473,5
15747,5.5
15029,4.7
16730,6.9
16841,2.5
21686,3.3
52930,5.5
36573,4.7
45072,4.7
58732,4.5
33988,4.5
38742,4.6
2516,6.5
2514,6.6
59263,7
11002,10
8972,10
6376,4.75
23624,7
30447,7.7
4024,4.7
647,5.5
24842,4.6
1104,5
58700,4.7
11116,4.5
55061,10.5
16991,5.5
28133,9
7431,6
15611,3.6
11579,8
58792,7
32874,4.7
21687,3.8
48551,3.5
7513,6
32559,4.2
11728,4.4
12082,5
9140,4.5
45252,4.5
40416,4
32830,4
47161,4.7
33588,0.5
60100,3.6
32835,4.3
17328,3.1
82,4.5
27921,4.5
26938,4.5
27898,4.5
14990,4.5
14988,4.7
7949,4.7
4463,4.7
55642,6.5
24145,4.7
36572,4.7
4688,4.5
11148,4.5
26858,4.7
24925,2.5
33395,0.1
16421,4.7
7948,6.5
11153,4.4
2530,10.5
47351,5
5368,8.4
2360,11.3
6117,9.5
748,4.7
31913,7.5
26426,4
4789,3.8
4934,10.2
51528,5
11154,4.5
56909,5.7
4690,5.5
57802,6
8296,4.7
11823,5.3
4700,4.5
52342,4.6
56243,4.6
4565,10
5943,5.8
25941,3.2
8141,6.5
28967,8.2
26421,4
35994,6.3
11113,4.5
4679,5.5
45950,9.2
15181,5.5
2012,7.2
594,11.5
46899,5.8
12881,4.5
18800,5.7
17353,10.5
6451,6
36953,5
26766,5
16423,4.8
28831,4.8
721,4.1
720,4.2
9906,3.5
9905,3.5
15603,5
31224,4.1
11568,5.5
16447,5.3
10131,0.45
12523,4.6
36339,4.7
11637,5
6116,4.2
13776,5
6096,5
1925,7
5944,5.1
6115,5.2
4983,7
21948,4.7
13163,4.7
94,5
53,9
2204,9.5
2470,5.3
11832,3.6
2225,4.8
579,5.1
45816,5
3433,4.5
591,5.1
251,5
11121,6.6
11488,5
55601,4.7
12425,4.5
6135,5.3
26503,6.6
236,5.7
11114,4.5
23812,6
51039,5.3
55817,4.5
55816,4.2
24393,2.5
55814,4.5
55844,0
55840,0
55734,4.5
55875,0
55845,0
46898,5
18514,6.3
11452,4.8
649,7.9
18370,7
24172,5
6860,9
5950,6.2
44299,4.8
51996,5.7
24154,5.9
41771,9.5
7580,4.6
10057,5.3
44802,4.7
11112,4.5
12116,5.2
10124,4
15896,5
690,4.7
6862,12
528,5.2
6558,5.6
11794,6.8
15420,4.5
31915,11.7
37652,9.5
26369,7
16186,6
17845,4.8
22904,18
29208,6
13391,7
7357,7.9
3948,6.7
13770,5
4142,4.5
670,5.2
4563,7
10078,0.4
824,3.8
9508,4.5
24672,4.7
7932,5.2
13520,4.5
30019,7
45264,5.3
13626,5.4
12305,4.5
48,5.6
16042,4.5
8600,5
11453,4.7
290,5.9
18630,4.7
36464,3.7
1092,5
13526,2.5
23916,6.5
43781,4.7
51342,0
24392,4.5
53553,4.7
12543,4.7
24950,7
41295,6
53556,4.9
18638,4.7
52828,7.5
8837,7.7
48719,5.2
44821,9.5
7324,8.5
13387,4.4
12893,4.7
9425,4.5
26582,7.5
2329,5.5
14989,4.7
4689,4.7
14987,4.7
9422,4.5
12814,4.7
1143,5.5
12420,6.5
11257,6.5
13525,4.75
14268,6.5
5846,4.5
1264,4.7
28431,7
23901,6
835,6.2
10380,6.5
303,5.4
139,5.2
141,5
25540,5
18566,5.5
140,6.4
44390,4.5
44453,5
44893,4.3
53540,4.8
4139,5.4
6415,9
9080,7.5
44376,5.5
4369,4
7757,4.5
11152,6.5
235,4.4
11144,4.5
19466,6.6
42509,7.7
2275,9
7950,6.5
2131,6.5
53069,6.5
50717,5.5
14256,2.4
40141,10.6
20295,11.1
22186,9
10569,9
9487,7
38685,9
7178,11.7
14766,5.4
28268,4.7
52946,4.5
49274,6.5
49273,7.5
4984,8.1
6185,3.6
18656,0
4749,0.5
2472,5.6
40625,6.5
18866,9.9
28663,8.5
996,8.5
40580,6
52948,7
52874,6.5
10098,5.6
172,5.2
365,5.6
158,4.8
13388,4.7
16840,0.01
28591,0.1
18177,2.3
52943,4.7
52851,4.5
28220,4.7
18292,4.5
11255,4.5
18297,4.5
19079,4.5
52941,4.7
1030,4.5
12422,6.5
709,4.6
345,2.5
4637,8.5
6957,8
7947,4.5
13979,4.75
717,4.4
4781,4.5
1267,4.1
4788,4.3
13521,4.5
4791,4.4
51144,5
51147,5
13724,0
46301,2.3
51145,5
51146,5
43910,6.7
32690,4.7
399,4.9
10092,4.9
3990,4.9
25639,4.2
13975,4.75
10166,4.9
1417,4.8
49276,5.5
49275,5.5
5092,7.5
28635,5.8
37858,5.1
10585,9
342,2.5
9805,6.7
3960,9
4924,10
49272,6.5
4935,8
6875,10
1269,5.1
5005,6
27931,7.9
5400,9.2
4663,8
832,9
2445,7.3
2019,5
15823,4.5
1,4.1
4056,4.9
674,4.7
14733,9
14600,4.9
5047,5.3
4634,4.9
14191,4.9
14869,4.8
25044,5.6
50959,4.8
34782,4.7
15618,4.9
35981,5.1
17277,4.7
35982,5.1
9684,5.2
24572,4.9
6089,5.1
50835,5.5
24569,5.3
14669,5
6090,4.9
4560,5.4
29030,5.3
6222,11
14367,9.2
1212,4
366,5.6
13667,9.8
48264,4.7
48236,4.7
49251,4.7
49252,4.7
5942,4.5
5389,6
44810,6
11147,4.7
814,5.9
28406,5
28509,7.5
41915,10
179610,7.5
185386,5.7
183248,7
200486,5.3
63879,7
151053,5.3
190021,4.2
175910,5
197713,10.6
109778,5
158594,8.5
161518,6
29824,7.3
70647,7
146054,6
21760,5.2
149692,5
298,4.3
125631,7.1
140127,6
111426,5.5
123299,6.6
51907,9.5
127335,9.5
145918,9
143893,10
140905,2.8
168948,6.7
169588,4.5
145697,0
145684,5.4
142988,10
137357,7
143563,4.5
58704,8
137956,7.5
429,10.2
138343,5.2
145971,9.8
137652,11
103132,9
136610,7.5
135178,4.6
143557,6
132558,4.8
144973,7
123325,5.4
144100,13.1
145642,9.5
144289,9.7
143568,7.5
145754,13
129528,9.5
8551,5
143576,6.6
145708,10.5
59540,12
101488,9.5
161139,4.5
169315,5
175591,5
175505,7.7
99437,7.5
175506,5.3
164401,5.3
59220,5
168946,6.7
168949,6.7
169966,4.5
172741,5
168947,6.7
119261,7.1
130094,3.2
141249,6.8
45215,3.6
170440,5.2
89980,10
70945,9.2
126666,6.6
137570,7
144099,13.1
138110,7
130335,11
144101,13.1
8187,5.5
90738,7.5
75473,8.8
146691,5.14
8214,10
122612,5.5
95188,6.8
14229,4.7
100189,6.1
146564,6.3
44139,7.5
130256,6
2319,5
22201,9.7
47130,5.1
92296,0
49398,5
77279,5.2
5584,4.8
100276,7.2
62382,6.7
143885,11
123704,11.1
74083,3.2
49169,5.8
32176,6.2
165750,4.9
118938,6
70280,7.8
131435,6.67
131434,4.8
147236,8
156089,10.9
133941,8.5
30946,9.75
157364,6.3
121381,8.8
14608,9.2
2526,8
7661,8
140496,5
132084,6
131644,4.5
149704,7
98446,7.6
45874,5.2
113233,4.5
143895,5
6974,7.8
36863,6.8
138898,7.5
138900,7.5
138896,7.5
138897,7.5
114666,10.5
16641,8
96538,6.5
141782,5.6
38821,7
129557,5.6
129705,8
427,7.8
2448,5.8
82639,6
142572,5.2
88696,6
79850,7.2
951,5.2
27852,8
136621,9.5
117828,6
48678,5.6
2735,0
2739,5
44409,7.3
2736,0
2740,0
2737,0
2738,5
106905,0
138976,5.5
138977,5.5
141533,5.5
142825,5
89680,4.5
122366,6.8
134299,9.7
34448,11
4516,7.5
95774,6.5
114239,5.6
129626,5
67520,6.9
134165,6
129566,10.5
133671,4.5
52183,6
93506,7.5
45081,5.2
19858,5
82497,5.8
94273,11
11629,4.8
131651,4.9
122566,5.2
85102,4.8
47374,5.2
98881,4.5
77800,5.2
6462,5.6
110814,10.9
122541,4.7
122310,4.7
85174,9.5
107990,11.5
121337,4.7
122482,4
93030,4.5
122365,5
42787,6.8
6223,4.88
111308,17.5
120264,4.5
84939,4.8
120265,4.5
2424,5
56799,6.5
42679,7.4
371,9.6
55591,5.5
7215,6.8
80121,7
16689,10.5
104458,6.6
87093,5.5
103287,4.7
9616,5.3
6999,5
71321,7
18045,5.8
6466,5.7
6035,5
101220,5.2
93251,13
85345,6.8
84443,7.3
104791,5.3
91710,11.1
68110,5.4
18214,8.2
68790,5.8
54215,7.5
7625,5
24619,8
11810,5.5
38306,5.9
37348,6
26408,7.2
24690,7.9
101276,4.5
93206,6.2
13106,9
85962,5.5
110415,7.5
100195,13
6070,11.5
56686,7.5
7008,6.5
9516,5.2
8973,5.8
84788,4.6
84263,6
83305,10
52651,8
4327,4.5
63895,7
5107,5.2
31154,5.9
27757,5
724,5
48146,2.8
20025,2.8
85073,3.5
17560,7.2
40994,2.8
49399,3.5
84351,3.5
7447,9.5
27153,3
40286,6
13816,10
72535,5.6
51125,5
39254,4.8
16129,4.85
731,4.9
8107,5.5
57991,5.6
69576,12
59649,8
71868,6
73543,6.4
73542,6.4
31494,6.3
2356,5
7561,6.2
22465,7.2
43594,6.4
27180,8
59881,4.5
568,10
19051,6
23568,10
25106,5.25
606,4.7
39047,6.8
6268,4.5
59676,4.1
1864,5
40519,4
32834,4
39394,4
58129,4.5
56850,6
77082,3.5
52912,5
80952,4.5
80953,6.5
6169,5.3
26169,3.5
34404,3.5
6618,0.5
50540,4.7
29126,7.5
51721,5.3
4417,4.5
23194,4.1
12697,5.2
7718,5
58907,0
7717,6
8474,5.5
8473,6.5
7719,4.5
9999,4.75
14012,4
11221,5.5
694,5.9
33198,5.1
3076,7.2
619,5.3
2533,4.6
17496,0
25095,7.2
420,5.4
68829,8.91
70260,7
57993,6.4
1608,7
37289,7
11220,4.6
41740,6.5
53916,6.2
104,5.7
29342,0
367,5.8
18983,9.5
47352,10
159,5.1
34191,5
59324,4.6
4145,4.5
70511,5.5
3002,6
74069,4
66694,5.5
39447,7
28546,6.5
34248,4.9
1042,5
50807,4.2
51661,4.6
14879,3
6304,4.6
55454,4.3
13795,3.8
11,6.3
12171,5.8
14539,8
59243,4.8
778,6.4
23245,4
16927,5.1
40963,5
12337,4.5
27782,4.2
60962,3.9
23962,5
6734,4.2
26331,4
15253,3.7
33825,4.3
5395,7
21192,3.8
24675,3.6
12411,3.7
50294,5
1230,4.2
5678,3.7
20755,4.8
47497,4.1
48313,4.8
45503,4.4
46758,4.1
67869,4.5
27323,4.2
25342,3.6
53114,3.8
65405,4.7
102548,4.2
6665,4.2
52239,5.6
36757,8.5
4702,7
12552,7.2
8624,4.7
59248,4
44426,4.8
9937,5.1
718,5
1467,4.8
1314,5.1
630,9.5
13926,7
60738,4.5
59269,15
19587,19
56400,9
57718,5
745,6
47344,0
18583,4.5
48950,0
20152,5
20156,4
20993,5
4729,3.3
22764,5.5
3014,5
1441,6
59552,0
45370,4.8
1442,5.1
1437,5.8
1439,4.4
1436,0
1438,5.2
13558,5.5
5125,5
59213,8.5
59132,6
56923,5.1
10526,5.5
56113,8.5
6887,6.2
35876,4.6
1466,6.2
569,8
58443,6
57835,6
25083,7.1
585,6
10126,7.5
18380,8
59391,12.9
14005,7.3
59218,8
16437,8.5
618,6.7
534,5
1190,5.2
4625,5
6000,10
28126,4.8
22775,3
36577,2.5
10798,5
162,4.9
2408,4.5
39391,4.9
5216,3.3
10683,5
27599,5.9
1162,5.4
6083,6.4
8074,3.8
6397,5
14714,4.6
45474,4.5
